1.932999766390282
2.2855808610824013
4.129862629262804
8.918358042737008
16.36910139229712
1.8283303930517516
2.1899709881546228
1.3201020531732794
4.063120956805992
2.643821988122831
4.080155189540463
8.6297407191729
8.925047629620542
16.647799217630716
16.392684390760557
1.0784635002159244
2.2001542629529784
4.40069533018597
8.183652432412718
16.40673779443985
1.8222510252498683
2.497691553084645
1.967661101438111
2.5596985050127246
4.903429141745052
8.465564173546381
16.95951792510779
1.970491261096111
1.1137022873428843
1.0827853924622328
1.1471149262601303
1.8748933291010725
1.089889601819326
1.8081602283516043
1.3360482451996427
1.9004580105281352
1.9775159203524275
1.596755438758857
1.3111692099919754
2.5417775659032618
2.10866812114621
2.3828528223721337
2.3209932121604444
2.278031519060446
2.3781715191965547
2.4840227191198956
2.558584003376458
2.0465011502822357
2.1943741113917996
2.849083857846609
2.1920770947244943
1.1707726506991
1.9491381329159596
1.5327843676615172
1.845221326629679
1.5738758058489033
1.4325767689680053
1.34660183752342
1.1655736929041154
1.8301160939439607
1.6273660881108598
1.6070156659973192
2.8130703717109053
1.3190825979357688
2.2200136311787393
2.8655746302756224
2.3333647112824396
2.8688350739109225
2.7877533282867466
2.4770829397700256
2.1793418490251772
2.768974489934979
2.694299410586911
2.1206434450086884
2.1809723254600906
1.6260393777629631
1.8697034774076386
2.206832663667866
4.1221319665569895
8.999533937640901
16.20226596742404
